3.2897 46.646
3.4464 46.633
3.4596 46.631
3.4724 46.628
3.4848 46.625
3.4966 46.62
3.5078 46.615
3.5183 46.609
3.5279 46.603
3.5367 46.596
3.5444 46.588
3.5511 46.58
3.5567 46.572
3.5611 46.563
3.5643 46.554
3.5663 46.545
3.5671 46.536
3.5666 46.526
3.5649 46.517
3.562 46.508
3.5579 46.499
3.5526 46.491
3.5462 46.483
3.5387 46.475
3.5303 46.468
3.5209 46.461
3.5106 46.455
3.4996 46.45
3.488 46.445
3.4758 46.442
3.4631 46.439
3.4501 46.436
3.4368 46.435
3.4234 46.434
3.41 46.435
3.4033 46.435
3.2425 46.449
3.25 46.5
3.2897 46.646
