4.4 46.5
5.5858 46.5
5.6061 46.477
5.8011 46.242
5.655 46.17
5.6487 46.167
5.6365 46.159
5.6252 46.151
5.6149 46.142
5.6055 46.133
5.5971 46.123
5.5898 46.113
5.5836 46.103
5.5786 46.092
5.5747 46.081
5.572 46.07
5.5706 46.059
5.5704 46.048
5.5713 46.036
5.5735 46.025
5.5769 46.014
5.5815 46.003
5.5872 45.993
5.594 45.983
5.602 45.973
5.6109 45.963
5.6209 45.954
5.6318 45.946
5.6435 45.938
5.6497 45.935
5.656 45.931
5.6626 45.928
5.4894 45.717
5.4981 45.686
5.955 45.635
5.9828 45.606
5.9792 45.456
5.9086 45.449
5.9372 45.331
5.7736 45.107
5.5211 45
5.3283 45
5.0233 44.667
4.8514 44.667
4.4547 44.669
4.1717 44.904
4.0422 45.137
4.1089 45.582
3.8981 45.969
3.8539 46.05
4.05 46.175
4.4 46.5
