3.1842 47.107
3.3833 46.983
3.3131 46.728
2.8522 46.776
2.8524 46.776
2.8661 46.781
2.8795 46.786
2.8927 46.792
2.9055 46.797
2.9181 46.804
2.9304 46.81
2.9423 46.817
2.9539 46.824
2.9651 46.831
2.976 46.839
2.9865 46.847
2.9967 46.855
3.0064 46.863
3.0157 46.872
3.0246 46.88
3.0331 46.889
3.0411 46.898
3.0487 46.908
3.0559 46.917
3.0625 46.927
3.0687 46.936
3.0744 46.946
3.0797 46.956
3.0844 46.966
3.0886 46.977
3.0906 46.982
3.0941 46.992
3.097 47.003
3.0995 47.013
3.1014 47.024
3.1029 47.034
3.1038 47.045
3.1041 47.055
3.104 47.066
3.1033 47.077
3.1022 47.087
3.1014 47.093
3.1842 47.107
