2.8522 46.776
2.8794 46.542
2.75 46.5
2.6028 46.45
1.94 46.511
2.3742 46.798
2.3737 46.797
2.3853 46.792
2.3972 46.787
2.4093 46.782
2.4215 46.777
2.434 46.773
2.4467 46.769
2.4595 46.765
2.4725 46.761
2.4856 46.758
2.4989 46.755
2.5123 46.752
2.5259 46.75
2.5395 46.748
2.5532 46.746
2.567 46.744
2.5808 46.743
2.5948 46.742
2.6087 46.741
2.6227 46.74
2.6367 46.74
2.6507 46.74
2.6646 46.741
2.6786 46.741
2.6925 46.742
2.7064 46.744
2.7202 46.745
2.734 46.747
2.7476 46.749
2.7612 46.751
2.7746 46.754
2.7879 46.757
2.8011 46.76
2.8142 46.764
2.8271 46.767
2.8398 46.771
2.8523 46.776
