4.6747 46.5
5.5858 46.5
5.6061 46.477
5.4078 46.363
5.5764 46.237
5.5705 46.06
5.5702 46.048
5.5712 46.036
5.5736 46.024
5.5774 46.013
5.5825 46.001
5.5889 45.99
5.5966 45.979
5.6055 45.969
5.6156 45.959
5.621 45.954
5.6268 45.95
5.6327 45.945
5.639 45.941
5.6454 45.937
5.6521 45.933
5.659 45.93
5.6625 45.928
5.4894 45.717
5.4981 45.686
5.955 45.635
5.9828 45.606
5.9792 45.456
5.9086 45.449
5.9372 45.331
5.7736 45.107
5.5211 45
5.3283 45
5.0233 44.667
4.8514 44.667
4.4547 44.669
4.1717 44.904
4.0422 45.137
4.1089 45.582
3.915 45.939
4.3106 45.885
4.2036 46.086
4.6614 46.204
4.6708 46.218
4.7311 46.307
4.6747 46.5
