3.0694 45.944
3.5392 45.991
3.5434 45.987
3.5512 45.98
3.5587 45.972
3.5659 45.964
3.5728 45.957
3.5794 45.949
3.5857 45.941
3.5916 45.932
3.5972 45.924
3.6025 45.916
3.6074 45.907
3.612 45.898
3.6163 45.89
3.6202 45.881
3.6237 45.872
3.627 45.863
3.6298 45.854
3.6323 45.845
3.6344 45.836
3.6362 45.827
3.6376 45.818
3.6386 45.809
3.6393 45.8
3.6397 45.791
3.6396 45.781
3.6392 45.772
3.6384 45.763
3.6373 45.754
3.6358 45.745
3.634 45.736
3.6318 45.727
3.6292 45.718
3.6263 45.709
3.623 45.7
3.6194 45.691
3.6154 45.682
3.6111 45.673
3.6065 45.665
3.604 45.661
3.6033 45.661
3.1386 45.614
3.1343 45.617
3.1264 45.625
3.1189 45.632
3.1116 45.64
3.1046 45.648
3.0979 45.656
3.0915 45.664
3.0855 45.672
3.0797 45.68
3.0743 45.688
3.0693 45.697
3.0645 45.706
3.0601 45.714
3.0561 45.723
3.0524 45.732
3.049 45.741
3.046 45.75
3.0434 45.759
3.0411 45.768
3.0392 45.777
3.0376 45.786
3.0364 45.795
3.0355 45.804
3.0351 45.813
3.035 45.823
3.0352 45.832
3.0358 45.841
3.0368 45.85
3.0381 45.859
3.0398 45.868
3.0419 45.878
3.0443 45.887
3.0471 45.896
3.0502 45.905
3.0537 45.913
3.0576 45.922
3.0618 45.931
3.0663 45.94
3.0687 45.944
3.0694 45.944
