3.1975 45.891
3.3859 45.861
3.3956 45.858
3.4048 45.855
3.4134 45.851
3.4211 45.846
3.4279 45.84
3.4337 45.834
3.4384 45.828
3.442 45.821
3.4443 45.814
3.4453 45.807
3.445 45.8
3.4435 45.793
3.4407 45.786
3.4367 45.779
3.4316 45.773
3.4254 45.767
3.4182 45.762
3.4102 45.757
3.4014 45.753
3.2364 45.691
3.2344 45.69
3.2233 45.686
3.2119 45.683
3.2001 45.681
3.1882 45.679
3.176 45.678
3.1638 45.677
3.1516 45.678
3.1394 45.679
3.1274 45.68
3.1156 45.683
3.1041 45.685
3.0929 45.689
3.0822 45.693
3.072 45.698
3.0657 45.701
3.058 45.716
3.0513 45.731
3.0457 45.746
3.0411 45.762
3.0376 45.778
3.0352 45.793
3.0339 45.809
3.0336 45.825
3.0344 45.841
3.0352 45.849
3.0358 45.849
3.0418 45.854
3.0483 45.86
3.0552 45.865
3.0645 45.87
3.0745 45.875
3.085 45.88
3.0959 45.884
3.1073 45.887
3.1191 45.89
3.1311 45.892
3.1434 45.894
3.1557 45.894
3.1681 45.894
3.1805 45.894
3.1927 45.892
3.1976 45.892
