2.8209 45.521
2.8212 45.515
2.8293 45.517
2.8296 45.517
2.8256 45.516
2.8232 45.514
2.8224 45.514
2.8218 45.515
2.8222 45.515
2.8198 45.514
2.8205 45.518
2.8196 45.519
2.8216 45.525
2.821 45.525
2.8211 45.526
2.8205 45.527
2.8186 45.527
2.8165 45.528
2.814 45.528
2.8217 45.53
2.8226 45.53
2.8247 45.531
2.8265 45.533
2.8272 45.534
2.8279 45.534
2.8286 45.536
2.8304 45.537
2.8311 45.538
2.831 45.539
2.8315 45.539
2.8316 45.54
2.8349 45.541
2.8366 45.542
2.844 45.544
2.8517 45.545
2.8519 45.546
2.8527 45.546
2.8547 45.547
2.8554 45.548
2.8558 45.549
2.8571 45.55
2.8631 45.551
2.8617 45.55
2.8606 45.549
2.8596 45.549
2.8594 45.548
2.8595 45.546
2.86 45.546
2.8594 45.545
2.8593 45.545
2.8593 45.544
2.8578 45.543
2.8584 45.543
2.8575 45.542
2.8565 45.542
2.8569 45.541
2.8581 45.541
2.8594 45.541
2.8603 45.54
2.8604 45.54
2.8619 45.54
2.8626 45.54
2.8631 45.54
2.8635 45.54
2.8654 45.541
2.8663 45.54
2.8689 45.542
2.8696 45.543
2.8706 45.543
2.8705 45.543
2.8711 45.543
2.8716 45.543
2.8783 45.546
2.8801 45.547
2.8808 45.547
2.8744 45.542
2.8735 45.542
2.8739 45.541
2.8739 45.54
2.8731 45.538
2.8723 45.537
2.8712 45.537
2.8769 45.53
2.8692 45.528
2.8686 45.527
2.8683 45.526
2.8655 45.526
2.8495 45.523
2.849 45.522
2.8464 45.522
2.844 45.522
2.8359 45.521
2.8336 45.521
2.8282 45.522
2.8275 45.523
2.8232 45.526
2.8209 45.521
