2.814 45.528
2.8178 45.527
2.8196 45.527
2.8208 45.526
2.821 45.525
2.8216 45.525
2.8196 45.519
2.8205 45.518
2.8198 45.514
2.8221 45.515
2.8222 45.514
2.8226 45.514
2.8233 45.514
2.8256 45.516
2.8296 45.517
2.8304 45.516
2.8308 45.514
2.8305 45.514
2.8318 45.513
2.8391 45.51
2.8407 45.509
2.8399 45.507
2.839 45.507
2.8385 45.507
2.8364 45.507
2.8342 45.506
2.8269 45.504
2.8198 45.507
2.82 45.509
2.8197 45.509
2.8197 45.511
2.8188 45.511
2.8142 45.507
2.8097 45.508
2.8094 45.508
2.8071 45.506
2.8068 45.504
2.8056 45.503
2.8054 45.503
2.8038 45.502
2.8027 45.502
2.7994 45.503
2.7966 45.502
2.7956 45.501
2.7924 45.499
2.7916 45.499
2.791 45.5
2.7895 45.5
2.7875 45.499
2.7871 45.499
2.7871 45.5
2.786 45.5
2.7841 45.498
2.7819 45.498
2.7823 45.498
2.7838 45.5
2.7836 45.5
2.7817 45.5
2.7825 45.501
2.781 45.502
2.7805 45.502
2.7746 45.5
2.77 45.501
2.766 45.498
2.7665 45.497
2.7629 45.496
2.7545 45.495
2.7517 45.494
2.7522 45.493
2.753 45.493
2.753 45.492
2.7525 45.492
2.7505 45.493
2.7502 45.493
2.7502 45.492
2.749 45.492
2.7493 45.491
2.7496 45.491
2.7502 45.489
2.7496 45.487
2.7501 45.486
2.749 45.484
2.7481 45.484
2.7442 45.485
2.7404 45.485
2.7392 45.485
2.7385 45.486
2.7379 45.486
2.7382 45.487
2.7378 45.487
2.7373 45.487
2.7356 45.487
2.7337 45.485
2.7321 45.485
2.7319 45.485
2.7307 45.486
2.7298 45.486
2.7301 45.487
2.7296 45.487
2.7301 45.488
2.7317 45.488
2.7316 45.489
2.7323 45.489
2.7322 45.49
2.7305 45.49
2.7309 45.49
2.7305 45.491
2.7301 45.491
2.7292 45.491
2.7292 45.492
2.7275 45.493
2.7278 45.493
2.7288 45.493
2.7296 45.493
2.7312 45.493
2.7329 45.494
2.7329 45.495
2.7318 45.496
2.7324 45.496
2.7318 45.497
2.7355 45.498
2.7384 45.5
2.7415 45.501
2.7414 45.503
2.7423 45.503
2.7517 45.503
2.7522 45.502
2.7523 45.503
2.752 45.503
2.7593 45.503
2.7588 45.504
2.7587 45.504
2.7582 45.504
2.7585 45.504
2.7604 45.504
2.7611 45.504
2.7624 45.504
2.7624 45.504
2.7627 45.505
2.7628 45.506
2.7635 45.508
2.7632 45.508
2.7631 45.509
2.7641 45.509
2.7646 45.509
2.7647 45.51
2.7669 45.511
2.7691 45.512
2.7692 45.513
2.7702 45.513
2.7698 45.513
2.7706 45.513
2.7712 45.513
2.7762 45.513
2.7763 45.514
2.7758 45.514
2.7757 45.515
2.7758 45.516
2.7757 45.517
2.7754 45.517
2.7757 45.518
2.7757 45.519
2.7746 45.52
2.7734 45.52
2.7719 45.522
2.7726 45.522
2.7725 45.527
2.7773 45.528
2.7836 45.527
2.7839 45.526
2.7844 45.525
2.7851 45.525
2.7863 45.525
2.7955 45.528
2.7957 45.528
2.7967 45.531
2.7999 45.533
2.7995 45.534
2.7998 45.535
2.7998 45.535
2.8018 45.54
2.801 45.541
2.8019 45.543
2.8016 45.545
2.801 45.546
2.8005 45.546
2.8003 45.546
2.8003 45.547
2.8001 45.548
2.8004 45.548
2.8003 45.549
2.8007 45.55
2.8079 45.547
2.8082 45.546
2.8121 45.547
2.8122 45.545
2.8083 45.542
2.8129 45.542
2.8135 45.537
2.8214 45.534
2.8215 45.534
2.8209 45.533
2.8193 45.532
2.8188 45.532
2.8185 45.533
2.8176 45.533
2.8158 45.533
2.8129 45.533
2.811 45.531
2.814 45.528
