2.814 45.528
2.815 45.528
2.8157 45.528
2.8166 45.528
2.8174 45.527
2.8193 45.527
2.8205 45.527
2.8211 45.526
2.821 45.525
2.8216 45.525
2.8196 45.519
2.8205 45.518
2.8199 45.515
2.8222 45.515
2.8222 45.514
2.8226 45.514
2.8237 45.514
2.8243 45.514
2.8249 45.515
2.8252 45.516
2.826 45.516
2.8296 45.517
2.8302 45.516
2.8306 45.515
2.8308 45.515
2.8308 45.514
2.8317 45.513
2.8387 45.51
2.8405 45.509
2.8405 45.508
2.8402 45.507
2.8398 45.507
2.8397 45.507
2.839 45.507
2.8386 45.507
2.8378 45.507
2.8364 45.507
2.8345 45.506
2.8312 45.505
2.83 45.505
2.8288 45.505
2.8276 45.505
2.8259 45.504
2.8226 45.505
2.8218 45.505
2.8214 45.506
2.8205 45.506
2.8199 45.506
2.8199 45.506
2.82 45.508
2.8202 45.509
2.8198 45.509
2.8197 45.51
2.8197 45.511
2.8191 45.511
2.8167 45.509
2.8154 45.509
2.8148 45.508
2.8143 45.507
2.8096 45.508
2.8092 45.507
2.8071 45.506
2.8068 45.504
2.8045 45.502
2.8042 45.502
2.8035 45.502
2.8019 45.502
2.7995 45.503
2.7973 45.502
2.7965 45.502
2.7961 45.501
2.7957 45.501
2.7924 45.499
2.7916 45.499
2.7912 45.5
2.7896 45.5
2.7887 45.499
2.7875 45.499
2.7873 45.5
2.7865 45.5
2.786 45.5
2.7847 45.499
2.7819 45.498
2.7825 45.499
2.7836 45.5
2.7836 45.5
2.7818 45.5
2.7823 45.501
2.781 45.502
2.7805 45.502
2.7756 45.501
2.7749 45.5
2.774 45.5
2.7719 45.501
2.77 45.501
2.7691 45.501
2.7682 45.5
2.7676 45.5
2.7665 45.499
2.7663 45.498
2.7663 45.497
2.7634 45.496
2.7613 45.496
2.7611 45.496
2.76 45.496
2.7594 45.496
2.755 45.496
2.7542 45.495
2.7538 45.495
2.7531 45.495
2.7523 45.494
2.7522 45.493
2.7527 45.493
2.753 45.492
2.7526 45.492
2.7509 45.493
2.7502 45.493
2.7501 45.492
2.7495 45.492
2.7492 45.492
2.7492 45.491
2.7496 45.491
2.7502 45.489
2.7502 45.488
2.7501 45.488
2.7496 45.487
2.75 45.487
2.7501 45.486
2.7497 45.485
2.7493 45.485
2.7484 45.484
2.7451 45.485
2.7445 45.485
2.7439 45.485
2.7421 45.485
2.7411 45.485
2.7407 45.485
2.7394 45.485
2.739 45.485
2.7389 45.486
2.738 45.486
2.7381 45.487
2.7371 45.487
2.7356 45.487
2.7337 45.485
2.733 45.485
2.7321 45.485
2.7315 45.485
2.7305 45.486
2.73 45.486
2.7301 45.487
2.7297 45.487
2.7299 45.488
2.7304 45.488
2.7311 45.488
2.7322 45.49
2.7313 45.49
2.7305 45.49
2.7309 45.49
2.7305 45.491
2.7301 45.491
2.7295 45.491
2.7292 45.492
2.7275 45.493
2.7279 45.493
2.7288 45.493
2.7296 45.493
2.7306 45.493
2.7327 45.494
2.7329 45.494
2.7328 45.495
2.7318 45.496
2.7322 45.496
2.7319 45.497
2.7319 45.498
2.7325 45.498
2.7328 45.498
2.7355 45.498
2.7379 45.5
2.7384 45.5
2.7389 45.501
2.7399 45.501
2.7414 45.502
2.7414 45.503
2.7423 45.503
2.7472 45.503
2.7483 45.503
2.7488 45.503
2.7517 45.503
2.7525 45.502
2.752 45.503
2.7526 45.503
2.7532 45.503
2.7556 45.503
2.7571 45.503
2.7591 45.503
2.7587 45.504
2.7582 45.504
2.7585 45.504
2.7605 45.504
2.7611 45.504
2.7619 45.504
2.7624 45.504
2.7628 45.506
2.7633 45.507
2.7635 45.508
2.7631 45.508
2.7636 45.509
2.764 45.509
2.7646 45.51
2.7647 45.51
2.7669 45.511
2.7676 45.511
2.7688 45.512
2.7691 45.512
2.7697 45.513
2.7698 45.513
2.7703 45.513
2.7709 45.513
2.775 45.513
2.7757 45.513
2.776 45.513
2.7762 45.514
2.7759 45.514
2.7758 45.514
2.7757 45.515
2.7758 45.516
2.7757 45.517
2.7754 45.517
2.7757 45.518
2.7758 45.519
2.7753 45.519
2.7747 45.52
2.7734 45.52
2.7729 45.521
2.7723 45.521
2.7726 45.522
2.7726 45.527
2.774 45.528
2.7749 45.528
2.7773 45.528
2.782 45.527
2.7834 45.527
2.7837 45.526
2.7839 45.526
2.7844 45.525
2.7851 45.525
2.7857 45.525
2.7863 45.525
2.7912 45.527
2.7949 45.528
2.7955 45.528
2.7958 45.529
2.7963 45.531
2.7966 45.531
2.7978 45.532
2.7983 45.532
2.7989 45.533
2.7997 45.533
2.7995 45.534
2.7999 45.535
2.8008 45.537
2.8011 45.538
2.8014 45.538
2.8019 45.54
2.801 45.541
2.8014 45.542
2.8019 45.543
2.8018 45.544
2.8011 45.546
2.8005 45.546
2.8003 45.546
2.8004 45.547
2.8002 45.548
2.8005 45.55
2.8007 45.55
2.8079 45.547
2.8082 45.546
2.8109 45.547
2.8121 45.547
2.812 45.546
2.8123 45.545
2.8122 45.545
2.8119 45.544
2.8094 45.543
2.8085 45.542
2.8129 45.542
2.8135 45.537
2.8154 45.537
2.8181 45.536
2.8197 45.535
2.8214 45.534
2.8212 45.533
2.8209 45.533
2.8204 45.532
2.8188 45.532
2.8185 45.533
2.8176 45.533
2.8163 45.533
2.8158 45.533
2.8137 45.533
2.813 45.533
2.8127 45.532
2.8118 45.531
2.8115 45.53
2.8118 45.53
2.8122 45.53
2.8129 45.529
2.8131 45.529
2.8139 45.528
2.814 45.528
